6548908209320530
7744196065076701
4898910271125102
4843891170478912
4135391058192902
1483144999919526
1304174767727101
7049768603376516
8204712636273627
1006840153853655
8489252765869982
9070027265294977
3125619998566840
0721839644753258
1511532484752161
2015372032188299
5729354142184542
5496717370740068
5913037348154812
2781747995973774
7506460984370717
3996506468479772
9178302251549240
9021825409869708
9839778710074372
3691930341431805
6239348577710994
2375712970574645
1902046001899737
6082948468501249
2785788913327770
3867161808771924
9621579970156838
8066639517474565
5760981860189862
6022637170344999
2012931032697595
8544120185521109
3621607612802381
6453626164328516
0638120949330598
0660474540659442
5751028361118365
1143985671114403
6191125593821481
2662152309315656
4043274857891989
6470235115462840
5450809564180533
3925632508523050
7241769467508026
1634003557102119
5939328541050901
4612726434879544
5537339789868353
6870349963655814
7998275407833956
5271075797851198
8249534204731109
9233706206678324
7502642793903414
3927458584410491
1856055319156441
5783619992936443
6536519955416085
2037590787599524
8568659954837078
4394162331037750
0518661748665957
9750946125819756
1445933787625363
9564405566367158
7540732988932289
5973417845755750
5009990546760536
5799733583668443
1052003785932399
7852266258511819
0549130828972280
3523820267263034
0210940455131933
0486051643972212
6825512654223870
1836295789047139
4584896935221260
1765721612533942
2509301929350826
1116465587320533
4717146541703732
4061946080136286
1534240651363607
1224092899263654
2168476380475429
0832920485974058
6517968488391010
3779834083157948
3867718775277531
5538050121450638
8974041265721813
7084232784013483
5601943285331545
2921731859638943
4313710455246876
2378739674709316
4922142296922435
1751666562438251
6115049894755620
4108250414004838
8979575031016933
2749773427704993
2656820746594765
7858575719498564
1204481909594066
9395715443254344
7686426923360763
6277976079738781
7963521226223268
2986369031665530
2566285176244747
1789870053639215
5341865940586446
3267124090051194
1183830514857314
3387018530825694
8901984582354965
8066572011593496
0368311142108150
3058020823162479
6266546896929217
8251676116103188
1290711673273506
2197968274601332
6766389440522985
9081434270251769
7326313587019025
8602960801642916
2278123372361999
5232438048957253
3119243795960489
4274890600452603
1075888485122711
9232567042677107
0623222241801764
8567264481745935
5486592061257734
5489028801080395
0365606687663138
5798849766888070
4635320220484649
0247588484297196
0512477490270808
1595712409460278
8945780260860926
0090730291362664
1097468139544018
5488987920242750
6871006250321522
9929982894313130
0101114903048897
1344463554996843
6004612278397270
0575023987760421
8861113953470000
3712741111697787
2210311048452461
3277487290886063
5254604676740754
4476175496715589
1720976876119389
9159849805934695
7796518959552512
8369217264362638
6086566296452272
1352060153158116
9544564800022508
6923877786371495
1756895777404187
4159828116801044
9014616733186520
6909803398529948
2009733115202230
3250953914381304
1286016553991455
2071401491005673
1253563383644317
9617974701932533
2202679279260042
9078785342700446
2847633641024103
1265706528850746
2491891766759477
7820982194833945
3848282835080232
4517863628533359
3977760354511853
7356072413512901
9214781944014554
6560346309368052
3042953555087873
8972369058300871
7452220102757758
2386233984679332
7971691202189808
8718342523147564
5319938504257845
4329466230451089
4315350764773182
8561620877574446
3288418364424726
2041275617924495
8983142176056310
7788778114811897
8687196768910831
1554351282087924
4873537824354928
7011183305034415
3054129948645219
8672136504897000
7208923641812223
8373564643000623
5597155297634905
4752938090941627
9542244235130352
9904863693302949
7752341440632617
4353719005526350
0015021275451887
4640320476003795
4717801972607133
0468813145688930
0447475597832377
8228075363170141
3452656759670690
5109438336783116
3283691152621834
4791589931798048
1018158697547691
8705873746227963
0878410768350416
6665155835167558
4519764091092504
2684900317624442
4721768553385336
6323270665322650
4283217794897467
9359325795336216
4630822355864891
7051458437336347
2352727269839328
7432539444725988
2360131502544754
6035726065601102
5660469902738038
9113910489637221
6357832506369650
3775617409810154
3250263200794986
4023862247189806
3577967628416027
2642118524269026
7786431991866221
0807511237795775
4183234842131497
2137852895254283
3638070053255922
9946442723550848
6284386218725402
0242625905146680
2929704280446182
4393367734853964
2919187023046130
8676745244195312
3982058987138946
5849904751646790
2565622217122786
4585719152284650
3226110093009785
0340639441271790
0865997296771785
9485499469476516
2530535838251633
2489726551444281
1231096227984488
7674916684282039
0538173746410766
8172187725052094
1332723125850185
9554723281860659
3800701153001540
0859940319884299
7500979195469357
4818062789310854
7189992612241818
4016080665372277
8623158034054764
5911767239087289
4119675234510523
8909402472455162
9983219794185412
2501430796347597
5547209032732533
7697054027704976
3309342336039521
8807513126272882
4364456157140046
8710772034085679
9119890339398363
1542351302502326
2491857289330074
5925479498003995
5386282151810710
1830250331989097
6232935550710132
6190953685221120
1790013583930834
9654070459416361
2945868074385342
1940490517223751
3066074902882177
9823324516528411
4010781324120944
5101891534149814
7571421281711966
4740272927848914
6915734471401947
0644241968356756
8337454058604654
6026638104884181
7593120133985945
6320646681995247
4075688424083407
1248331918350105
6623209921356556
7006679616095552
6976157007041225
5031121722795595
6069105173950277
3804977670033241
1759035881904730
2380273352539062
2208020910888592
7703987478311366
4746488333257798
6613487636748832
7485011501046172
7947423722511295
9854634275938452
7244490283512542
6506228837577453
5457945945697979
9859290947215273
2147157840592913
6593994541517752
6754464380129137
6026619906470710
0608337674042057
5603155945803677
3771066869833632
4713518772675005
7351683665223306
4920213506105343
6015267686891252
1879817973802031
4720333397291573
9321696056077528
4091960610691749
5560090605287212
2751195010568150
4797961850809786
9237788190989316
4481502495301734
8965541233822532
9134503974649118
4786960732238120
6750115087374323
5752744945202648
5126485951006356
5554254760869075
8615488063973516
6232700692305207
7562851016795381
3145198954829457
8538761803577291
5293393570455381
4694924603703490
9090396559596221
0042392018480711
5253343519757030
5982639356715841
8968483294142013
1268711809269176
3478702303031054
1638469780688893
3831988899325479
0706198028690383
8903183021436431
8015285307510539
8537174715205717
8250832800932125
4879728324010856
7909097426369713
9401130360785458
5877415967509579
7107334055877180
9758413025571661
4550753141097498
5446996798632062
8988734339185408
4946477224430547
6702586607871869
0810172189372168
5111084061341340
8501956419094089
5597581688504821
3570965813586224
0927632765167582
7300981880560227
5944339389025978
6957443316906559
9583803828716754
4959304301183253
8417544041381534
2807549400567403
4461596175399704
1906595965183698
7830251697546483
3745611058776037
5142426481528206
8492036104795163
5220540043911446
6137513161750332
2248193157231211
1953887183498967
3518240071127311
5487403470787929
8753771122605824
0978837964647017
5941686828835081
5957855817378897
9114140936080310
9687737255204421
7006158843532073
9873333807426188
1729692943207049
0973290870837883
4384914116033913
3240964142824313
2642750182440852
3058585765175432
7661373078999069
1651846503137400
6270631588851891
6490759036090707
9481836114458345
6364609502443598
6809743774407662
3903357508475175
3515832241340502
3646026898257545
9160315992322813
7045535755940926
8597532106927907
7413544381333504
4899456541116153
7514884760338859
9974823066634212
2277559773788201
8972594618672628
3142871647774939
6602072480636486
7659310625791573
6209313247672901
5387971856256617
6058299964884859
8422930403544204
9459292307792671
5916645483310528
7207601062237405
2910200420096917
0592339091520248
2274476350493675
6484877487662355
0523104569378276
8053660686042350
6456667887502521
0547374623523960
2130649789772469
1272411655381024
8544491643812450
0691587342173099
9162591311410111
4751095720235714
8050559582789892
3228159608138969
2601712213951136
7355225439863613
5382133106359249
1966096442389777
0936196931182239
7353921163008215
7107448337063502
0189095897739979
1078223130670044
6844376213838401
4724560656680311
5738153832159932
9583417199388924
1869189687163139
7310046838140771
3123718796757923
4883807734379579
7927947417278196
0455487141833418
5358851504202129
8188028007212892
2359539245136931
2864513791602949
8593008699577606
8444590180210291
3289332380263864
6675982612583068
5730131770872074
3104254061056346
1611789402968312
4372969575747920
2575075904987293
1187780107773261
4279165283013379
5075974938483862
7212629072383228
5801346072111272
1670816922219129
5450252602273986
2253520712024445
0050958640008458
4212822817396906
3495809964896804
2668568143800755
0933137123445223
9500245604678806
0378897709136226
4292452867996496
6399744887946091
0597895503932030
9088592112487028
9671112421522650
0234070560946303
5723385125570881
6503433740335752
5521922960404236
7758924784164781
5793944765294091
3694364691643699
6675232795085485
5996993884846655
6071973696111186
9207183887223985
3566686185759241
7530565032151588
6745657848843702
9013555013978374
0922268140311827
7754410281265624
9640543272532398
4677312523064693
5777530489072163
8872311787491833
9693649745603984
1055125835681853
6637449134450426
8794788615369610
0735993399553280
1622263295347509
7446082583928169
4311327191424332
3434040672254510
8976075424159603
1217067328251304
8869840348353359
0501764855693100
4690047360941937
3869820274542343
0698164500481055
2402401592333107
1681809669323422
1182419403152450
5447376166964411
3021645851881947
9439142682212720
5815429241494819
3603505578858494
4236778803929910
4820271059898144
2645697837669039
9741131117187155
3063541115272789
9168300738858574
3451974829843487
7595366822308857
1107194715234856
0496488248523179
3591166176962141
6443885467643808
4349338179668702
0146251297987081
0239373391477127
6762004196316452
9529171152182807
6136887674289186
0581226769296441
2225977664095899
1940130702621909
1385995028181921
1827829018668226
7753822376652584
4225803617417873
7744662926303212
7916422859401479
0499321915507225
0062794739042256
3158303689784382
9821667100700766
5558354805733623
3154345471250570
1519130109409197
2387223813979619
5099321307409501
2198188215129698
6845417691919493
1614538302774823
8915923577500522
4072084720103765
4842733764531027
4008593356383694
5769126411196307
8066370508832550
4397331423333163
1853313255345200
2438733466505347
1435405686437314
