5538050121450638
1143985671114403
5075974938483862
8251676116103188
1940130702621909
9873333807426188
4640320476003795
0538173746410766
6115049894755620
1751666562438251
4519764091092504
7506460984370717
7758924784164781
8687196768910831
4818062789310854
9904863693302949
5941686828835081
0865997296771785
1670816922219129
3158303689784382
8369217264362638
6266546896929217
4384914116033913
2248193157231211
8979575031016933
8066370508832550
8972369058300871
1611789402968312
1765721612533942
5220540043911446
3867718775277531
6069105173950277
7947423722511295
2684900317624442
6560346309368052
7514884760338859
8988734339185408
